0.001
0.001
0.001
0.001
0.001
0.001
0.001
0.001
0.001
0.001
0.001
0.001
0.001
0.001
0.001
0.001
0.001
0.001
0.001
0.001
0.001
0.001
0.001
0.001
0.001
0.001
0.001
0.001
0.001
0.001
0.001
0.001
0.001
0.001
0.001
0.001
0.001
0.001
0.001
0.001
0.001
0.001
0.001
0.001
0.001
0.001
0.001
0.001
0.001
0.001
0.001
0.001
0.001
0.001
0.001
0.001
0.001
0.001
0.001
0.001
0.001
0.001
0.001
0.001
0.001
0.001
200.000
400.000
600.000
800.000
750.000
550.000
350.000
150.000
50.000
0.001
0.001
0.001
0.001
0.001
0.001
0.001
0.001
229.061
314.270
372.678
415.740
447.903
471.405
487.498
496.904
500.000
496.904
487.498
471.405
447.903
415.740
372.678
314.270
229.061
0.001
0.001
0.001
0.001
0.001
0.001
0.001
0.001
0.001
0.001
0.001
0.001
0.001
0.001
0.001
0.001
0.001
0.001
0.001
0.001
0.001
0.001
0.001
0.001
0.001
0.001
0.001
0.001
0.001
0.001
0.001
0.001
0.001
0.001
0.001
0.001
0.001
0.001
0.001
0.001
0.001
0.001
0.001
0.001
0.001
0.001
0.001
0.001
0.001
0.001
0.001
0.001
0.001
0.001
0.001
0.001
0.001
0.001
0.001
0.001
0.001
0.001
0.001
0.001
0.001
0.001
200.000
400.000
600.000
800.000
750.000
550.000
350.000
150.000
50.000
0.001
0.001
0.001
0.001
0.001
0.001
0.001
0.001
229.061
314.270
372.678
415.740
447.903
471.405
487.498
496.904
500.000
496.904
487.498
471.405
447.903
415.740
372.678
314.270
229.061
0.001
0.001
0.001
0.001
0.001
0.001
0.001
0.001
0.001
0.001
0.001
0.001
0.001
0.001
0.001
0.001
0.001
0.001
0.001
0.001
0.001
0.001
0.001
0.001
0.001
0.001
0.001
0.001
0.001
0.001
0.001
0.001
0.001
0.001
0.001
0.001
0.001
0.001
0.001
0.001
0.001
0.001
0.001
0.001
0.001
0.001
0.001
0.001
0.001
0.001
0.001
0.001
0.001
0.001
0.001
0.001
0.001
0.001
0.001
0.001
0.001
0.001
0.001
0.001
0.001
0.001
200.000
400.000
600.000
800.000
750.000
550.000
350.000
150.000
50.000
0.001
0.001
0.001
0.001
0.001
0.001
0.001
0.001
229.061
314.270
372.678
415.740
447.903
471.405
487.498
496.904
500.000
496.904
487.498
471.405
447.903
415.740
372.678
314.270
229.061
0.001
0.001
0.001
0.001
0.001
0.001
0.001
0.001
0.001
0.001
0.001
0.001
0.001
0.001
0.001
0.001
0.001
0.001
0.001
0.001
0.001
0.001
0.001
0.001
0.001
0.001
0.001
0.001
0.001
0.001
0.001
0.001
0.001
0.001
0.001
0.001
0.001
0.001
0.001
0.001
0.001
0.001
0.001
0.001
0.001
0.001
0.001
0.001
0.001
0.001
0.001
0.001
0.001
0.001
0.001
0.001
0.001
0.001
0.001
0.001
0.001
0.001
0.001
0.001
0.001
0.001
200.000
400.000
600.000
800.000
750.000
550.000
350.000
150.000
50.000
0.001
0.001
0.001
0.001
0.001
0.001
0.001
0.001
229.061
314.270
372.678
415.740
447.903
471.405
487.498
496.904
500.000
496.904
487.498
471.405
447.903
415.740
372.678
314.270
229.061
0.001
